Kipina optimized (aero/efficiency.py)
1.00000 0.00412
0.99983 0.00420
0.99931 0.00444
0.99846 0.00484
0.99726 0.00538
0.99572 0.00607
0.99384 0.00689
0.99163 0.00784
0.98907 0.00889
0.98618 0.01005
0.98296 0.01130
0.97941 0.01262
0.97553 0.01401
0.97132 0.01543
0.96679 0.01689
0.96194 0.01838
0.95677 0.01987
0.95129 0.02136
0.94550 0.02284
0.93941 0.02430
0.93301 0.02574
0.92632 0.02715
0.91934 0.02854
0.91206 0.02990
0.90451 0.03122
0.89668 0.03253
0.88857 0.03381
0.88020 0.03508
0.87157 0.03634
0.86269 0.03760
0.85355 0.03886
0.84418 0.04014
0.83457 0.04143
0.82472 0.04275
0.81466 0.04409
0.80438 0.04548
0.79389 0.04690
0.78320 0.04836
0.77232 0.04986
0.76125 0.05141
0.75000 0.05299
0.73858 0.05460
0.72700 0.05625
0.71526 0.05792
0.70337 0.05960
0.69134 0.06130
0.67918 0.06299
0.66690 0.06467
0.65451 0.06634
0.64201 0.06798
0.62941 0.06958
0.61672 0.07115
0.60396 0.07266
0.59112 0.07412
0.57822 0.07552
0.56526 0.07686
0.55226 0.07814
0.53923 0.07935
0.52617 0.08049
0.51309 0.08157
0.50000 0.08259
0.48691 0.08355
0.47383 0.08446
0.46077 0.08531
0.44774 0.08611
0.43474 0.08686
0.42178 0.08757
0.40888 0.08823
0.39604 0.08885
0.38328 0.08942
0.37059 0.08994
0.35799 0.09041
0.34549 0.09082
0.33310 0.09117
0.32082 0.09145
0.30866 0.09164
0.29663 0.09175
0.28474 0.09176
0.27300 0.09166
0.26142 0.09143
0.25000 0.09108
0.23875 0.09059
0.22768 0.08996
0.21680 0.08917
0.20611 0.08821
0.19562 0.08710
0.18534 0.08581
0.17528 0.08436
0.16543 0.08274
0.15582 0.08096
0.14645 0.07902
0.13731 0.07692
0.12843 0.07468
0.11980 0.07232
0.11143 0.06982
0.10332 0.06722
0.09549 0.06453
0.08794 0.06176
0.08066 0.05891
0.07368 0.05602
0.06699 0.05309
0.06059 0.05014
0.05450 0.04718
0.04871 0.04422
0.04323 0.04128
0.03806 0.03836
0.03321 0.03547
0.02868 0.03262
0.02447 0.02982
0.02059 0.02707
0.01704 0.02438
0.01382 0.02173
0.01093 0.01915
0.00837 0.01661
0.00616 0.01413
0.00428 0.01169
0.00274 0.00929
0.00154 0.00693
0.00069 0.00460
0.00017 0.00229
0.00000 0.00000
0.00017 -0.00098
0.00069 -0.00195
0.00154 -0.00291
0.00274 -0.00385
0.00428 -0.00477
0.00616 -0.00566
0.00837 -0.00652
0.01093 -0.00735
0.01382 -0.00815
0.01704 -0.00892
0.02059 -0.00965
0.02447 -0.01036
0.02868 -0.01102
0.03321 -0.01166
0.03806 -0.01226
0.04323 -0.01284
0.04871 -0.01339
0.05450 -0.01391
0.06059 -0.01441
0.06699 -0.01489
0.07368 -0.01534
0.08066 -0.01577
0.08794 -0.01617
0.09549 -0.01656
0.10332 -0.01692
0.11143 -0.01726
0.11980 -0.01757
0.12843 -0.01786
0.13731 -0.01812
0.14645 -0.01835
0.15582 -0.01855
0.16543 -0.01872
0.17528 -0.01887
0.18534 -0.01898
0.19562 -0.01906
0.20611 -0.01912
0.21680 -0.01915
0.22768 -0.01917
0.23875 -0.01916
0.25000 -0.01913
0.26142 -0.01910
0.27300 -0.01906
0.28474 -0.01901
0.29663 -0.01897
0.30866 -0.01893
0.32082 -0.01890
0.33310 -0.01889
0.34549 -0.01889
0.35799 -0.01891
0.37059 -0.01894
0.38328 -0.01900
0.39604 -0.01907
0.40888 -0.01915
0.42178 -0.01925
0.43474 -0.01936
0.44774 -0.01947
0.46077 -0.01957
0.47383 -0.01967
0.48691 -0.01975
0.50000 -0.01981
0.51309 -0.01983
0.52617 -0.01983
0.53923 -0.01977
0.55226 -0.01967
0.56526 -0.01951
0.57822 -0.01930
0.59112 -0.01902
0.60396 -0.01868
0.61672 -0.01828
0.62941 -0.01781
0.64201 -0.01728
0.65451 -0.01669
0.66690 -0.01605
0.67918 -0.01536
0.69134 -0.01463
0.70337 -0.01386
0.71526 -0.01307
0.72700 -0.01225
0.73858 -0.01143
0.75000 -0.01060
0.76125 -0.00978
0.77232 -0.00897
0.78320 -0.00819
0.79389 -0.00743
0.80438 -0.00671
0.81466 -0.00604
0.82472 -0.00541
0.83457 -0.00483
0.84418 -0.00430
0.85355 -0.00383
0.86269 -0.00342
0.87157 -0.00306
0.88020 -0.00276
0.88857 -0.00251
0.89668 -0.00232
0.90451 -0.00218
0.91206 -0.00208
0.91934 -0.00203
0.92632 -0.00202
0.93301 -0.00204
0.93941 -0.00209
0.94550 -0.00217
0.95129 -0.00228
0.95677 -0.00240
0.96194 -0.00253
0.96679 -0.00268
0.97132 -0.00283
0.97553 -0.00298
0.97941 -0.00313
0.98296 -0.00328
0.98618 -0.00343
0.98907 -0.00356
0.99163 -0.00369
0.99384 -0.00380
0.99572 -0.00389
0.99726 -0.00398
0.99846 -0.00404
0.99931 -0.00409
0.99983 -0.00411
1.00000 -0.00412
