# height_m  x0 y0  x1 y1 ...   (ENU metres)
23.8 25.0 25.0 95.0 25.0 95.0 40.0 25.0 40.0
22.6 25.0 80.0 95.0 80.0 95.0 95.0 25.0 95.0
24.2 25.0 40.0 40.0 40.0 40.0 80.0 25.0 80.0
24.4 80.0 40.0 95.0 40.0 95.0 80.0 80.0 80.0
20.1 109.0 25.0 179.0 25.0 179.0 40.0 109.0 40.0
25.9 109.0 80.0 179.0 80.0 179.0 95.0 109.0 95.0
21.8 109.0 40.0 124.0 40.0 124.0 80.0 109.0 80.0
21.6 164.0 40.0 179.0 40.0 179.0 80.0 164.0 80.0
23.3 193.0 25.0 263.0 25.0 263.0 40.0 193.0 40.0
25.9 193.0 80.0 263.0 80.0 263.0 95.0 193.0 95.0
23.3 193.0 40.0 208.0 40.0 208.0 80.0 193.0 80.0
24.5 248.0 40.0 263.0 40.0 263.0 80.0 248.0 80.0
24.4 277.0 25.0 347.0 25.0 347.0 40.0 277.0 40.0
26.1 277.0 80.0 347.0 80.0 347.0 95.0 277.0 95.0
23.7 277.0 40.0 292.0 40.0 292.0 80.0 277.0 80.0
25.2 332.0 40.0 347.0 40.0 347.0 80.0 332.0 80.0
20.4 361.0 25.0 431.0 25.0 431.0 40.0 361.0 40.0
25.3 361.0 80.0 431.0 80.0 431.0 95.0 361.0 95.0
24.1 361.0 40.0 376.0 40.0 376.0 80.0 361.0 80.0
22.1 416.0 40.0 431.0 40.0 431.0 80.0 416.0 80.0
23.3 529.0 25.0 599.0 25.0 599.0 40.0 529.0 40.0
25.0 529.0 80.0 599.0 80.0 599.0 95.0 529.0 95.0
26.2 529.0 40.0 544.0 40.0 544.0 80.0 529.0 80.0
25.0 584.0 40.0 599.0 40.0 599.0 80.0 584.0 80.0
22.8 25.0 109.0 95.0 109.0 95.0 124.0 25.0 124.0
25.6 25.0 164.0 95.0 164.0 95.0 179.0 25.0 179.0
23.1 25.0 124.0 40.0 124.0 40.0 164.0 25.0 164.0
26.5 80.0 124.0 95.0 124.0 95.0 164.0 80.0 164.0
20.7 109.0 109.0 179.0 109.0 179.0 124.0 109.0 124.0
21.0 109.0 164.0 179.0 164.0 179.0 179.0 109.0 179.0
21.5 109.0 124.0 124.0 124.0 124.0 164.0 109.0 164.0
26.8 164.0 124.0 179.0 124.0 179.0 164.0 164.0 164.0
24.4 193.0 109.0 263.0 109.0 263.0 124.0 193.0 124.0
22.1 193.0 164.0 263.0 164.0 263.0 179.0 193.0 179.0
23.6 193.0 124.0 208.0 124.0 208.0 164.0 193.0 164.0
22.7 248.0 124.0 263.0 124.0 263.0 164.0 248.0 164.0
24.1 277.0 109.0 347.0 109.0 347.0 124.0 277.0 124.0
24.1 277.0 164.0 347.0 164.0 347.0 179.0 277.0 179.0
26.3 277.0 124.0 292.0 124.0 292.0 164.0 277.0 164.0
24.8 332.0 124.0 347.0 124.0 347.0 164.0 332.0 164.0
26.0 361.0 109.0 431.0 109.0 431.0 124.0 361.0 124.0
26.9 361.0 164.0 431.0 164.0 431.0 179.0 361.0 179.0
24.7 361.0 124.0 376.0 124.0 376.0 164.0 361.0 164.0
21.1 416.0 124.0 431.0 124.0 431.0 164.0 416.0 164.0
26.8 445.0 109.0 515.0 109.0 515.0 124.0 445.0 124.0
26.3 445.0 164.0 515.0 164.0 515.0 179.0 445.0 179.0
24.0 445.0 124.0 460.0 124.0 460.0 164.0 445.0 164.0
25.0 500.0 124.0 515.0 124.0 515.0 164.0 500.0 164.0
25.8 529.0 109.0 599.0 109.0 599.0 124.0 529.0 124.0
24.0 529.0 164.0 599.0 164.0 599.0 179.0 529.0 179.0
22.0 529.0 124.0 544.0 124.0 544.0 164.0 529.0 164.0
20.4 584.0 124.0 599.0 124.0 599.0 164.0 584.0 164.0
26.9 25.0 193.0 95.0 193.0 95.0 208.0 25.0 208.0
20.6 25.0 248.0 95.0 248.0 95.0 263.0 25.0 263.0
25.6 25.0 208.0 40.0 208.0 40.0 248.0 25.0 248.0
22.9 80.0 208.0 95.0 208.0 95.0 248.0 80.0 248.0
22.1 109.0 193.0 179.0 193.0 179.0 208.0 109.0 208.0
25.4 109.0 248.0 179.0 248.0 179.0 263.0 109.0 263.0
26.1 109.0 208.0 124.0 208.0 124.0 248.0 109.0 248.0
20.3 164.0 208.0 179.0 208.0 179.0 248.0 164.0 248.0
20.3 193.0 193.0 263.0 193.0 263.0 208.0 193.0 208.0
25.0 193.0 248.0 263.0 248.0 263.0 263.0 193.0 263.0
22.3 193.0 208.0 208.0 208.0 208.0 248.0 193.0 248.0
26.2 248.0 208.0 263.0 208.0 263.0 248.0 248.0 248.0
23.5 277.0 193.0 347.0 193.0 347.0 208.0 277.0 208.0
27.0 277.0 248.0 347.0 248.0 347.0 263.0 277.0 263.0
22.2 277.0 208.0 292.0 208.0 292.0 248.0 277.0 248.0
20.5 332.0 208.0 347.0 208.0 347.0 248.0 332.0 248.0
20.2 361.0 193.0 431.0 193.0 431.0 208.0 361.0 208.0
21.4 361.0 248.0 431.0 248.0 431.0 263.0 361.0 263.0
22.9 361.0 208.0 376.0 208.0 376.0 248.0 361.0 248.0
24.3 416.0 208.0 431.0 208.0 431.0 248.0 416.0 248.0
20.3 445.0 193.0 515.0 193.0 515.0 208.0 445.0 208.0
26.1 445.0 248.0 515.0 248.0 515.0 263.0 445.0 263.0
22.2 445.0 208.0 460.0 208.0 460.0 248.0 445.0 248.0
26.7 500.0 208.0 515.0 208.0 515.0 248.0 500.0 248.0
22.6 529.0 193.0 599.0 193.0 599.0 208.0 529.0 208.0
23.2 529.0 248.0 599.0 248.0 599.0 263.0 529.0 263.0
23.6 529.0 208.0 544.0 208.0 544.0 248.0 529.0 248.0
24.5 584.0 208.0 599.0 208.0 599.0 248.0 584.0 248.0
23.9 25.0 277.0 95.0 277.0 95.0 292.0 25.0 292.0
24.3 25.0 332.0 95.0 332.0 95.0 347.0 25.0 347.0
26.6 25.0 292.0 40.0 292.0 40.0 332.0 25.0 332.0
23.5 80.0 292.0 95.0 292.0 95.0 332.0 80.0 332.0
25.0 109.0 277.0 179.0 277.0 179.0 292.0 109.0 292.0
21.7 109.0 332.0 179.0 332.0 179.0 347.0 109.0 347.0
22.1 109.0 292.0 124.0 292.0 124.0 332.0 109.0 332.0
26.8 164.0 292.0 179.0 292.0 179.0 332.0 164.0 332.0
23.8 193.0 277.0 263.0 277.0 263.0 292.0 193.0 292.0
20.1 193.0 332.0 263.0 332.0 263.0 347.0 193.0 347.0
22.9 193.0 292.0 208.0 292.0 208.0 332.0 193.0 332.0
24.1 248.0 292.0 263.0 292.0 263.0 332.0 248.0 332.0
24.4 361.0 277.0 431.0 277.0 431.0 292.0 361.0 292.0
20.4 361.0 332.0 431.0 332.0 431.0 347.0 361.0 347.0
24.4 361.0 292.0 376.0 292.0 376.0 332.0 361.0 332.0
23.3 416.0 292.0 431.0 292.0 431.0 332.0 416.0 332.0
22.5 445.0 277.0 515.0 277.0 515.0 292.0 445.0 292.0
24.9 445.0 332.0 515.0 332.0 515.0 347.0 445.0 347.0
25.2 445.0 292.0 460.0 292.0 460.0 332.0 445.0 332.0
20.2 500.0 292.0 515.0 292.0 515.0 332.0 500.0 332.0
24.7 529.0 277.0 599.0 277.0 599.0 292.0 529.0 292.0
26.7 529.0 332.0 599.0 332.0 599.0 347.0 529.0 347.0
21.8 529.0 292.0 544.0 292.0 544.0 332.0 529.0 332.0
23.2 584.0 292.0 599.0 292.0 599.0 332.0 584.0 332.0
22.2 25.0 361.0 95.0 361.0 95.0 376.0 25.0 376.0
22.5 25.0 416.0 95.0 416.0 95.0 431.0 25.0 431.0
22.2 25.0 376.0 40.0 376.0 40.0 416.0 25.0 416.0
22.6 80.0 376.0 95.0 376.0 95.0 416.0 80.0 416.0
22.1 109.0 361.0 179.0 361.0 179.0 376.0 109.0 376.0
22.6 109.0 416.0 179.0 416.0 179.0 431.0 109.0 431.0
25.4 109.0 376.0 124.0 376.0 124.0 416.0 109.0 416.0
20.2 164.0 376.0 179.0 376.0 179.0 416.0 164.0 416.0
25.1 193.0 361.0 263.0 361.0 263.0 376.0 193.0 376.0
22.2 193.0 416.0 263.0 416.0 263.0 431.0 193.0 431.0
21.6 193.0 376.0 208.0 376.0 208.0 416.0 193.0 416.0
25.6 248.0 376.0 263.0 376.0 263.0 416.0 248.0 416.0
21.3 277.0 361.0 347.0 361.0 347.0 376.0 277.0 376.0
23.0 277.0 416.0 347.0 416.0 347.0 431.0 277.0 431.0
24.9 277.0 376.0 292.0 376.0 292.0 416.0 277.0 416.0
20.7 332.0 376.0 347.0 376.0 347.0 416.0 332.0 416.0
22.3 361.0 361.0 431.0 361.0 431.0 376.0 361.0 376.0
25.8 361.0 416.0 431.0 416.0 431.0 431.0 361.0 431.0
23.1 361.0 376.0 376.0 376.0 376.0 416.0 361.0 416.0
26.0 416.0 376.0 431.0 376.0 431.0 416.0 416.0 416.0
22.4 445.0 361.0 515.0 361.0 515.0 376.0 445.0 376.0
24.6 445.0 416.0 515.0 416.0 515.0 431.0 445.0 431.0
26.2 445.0 376.0 460.0 376.0 460.0 416.0 445.0 416.0
23.2 500.0 376.0 515.0 376.0 515.0 416.0 500.0 416.0
20.8 529.0 361.0 599.0 361.0 599.0 376.0 529.0 376.0
23.7 529.0 416.0 599.0 416.0 599.0 431.0 529.0 431.0
21.3 529.0 376.0 544.0 376.0 544.0 416.0 529.0 416.0
25.6 584.0 376.0 599.0 376.0 599.0 416.0 584.0 416.0
21.3 25.0 445.0 95.0 445.0 95.0 460.0 25.0 460.0
22.0 25.0 500.0 95.0 500.0 95.0 515.0 25.0 515.0
25.7 25.0 460.0 40.0 460.0 40.0 500.0 25.0 500.0
24.5 80.0 460.0 95.0 460.0 95.0 500.0 80.0 500.0
22.4 109.0 445.0 179.0 445.0 179.0 460.0 109.0 460.0
20.9 109.0 500.0 179.0 500.0 179.0 515.0 109.0 515.0
22.0 109.0 460.0 124.0 460.0 124.0 500.0 109.0 500.0
25.6 164.0 460.0 179.0 460.0 179.0 500.0 164.0 500.0
22.4 193.0 445.0 263.0 445.0 263.0 460.0 193.0 460.0
22.9 193.0 500.0 263.0 500.0 263.0 515.0 193.0 515.0
22.9 193.0 460.0 208.0 460.0 208.0 500.0 193.0 500.0
22.9 248.0 460.0 263.0 460.0 263.0 500.0 248.0 500.0
21.1 277.0 445.0 347.0 445.0 347.0 460.0 277.0 460.0
20.0 277.0 500.0 347.0 500.0 347.0 515.0 277.0 515.0
26.6 277.0 460.0 292.0 460.0 292.0 500.0 277.0 500.0
26.2 332.0 460.0 347.0 460.0 347.0 500.0 332.0 500.0
23.0 361.0 445.0 431.0 445.0 431.0 460.0 361.0 460.0
26.7 361.0 500.0 431.0 500.0 431.0 515.0 361.0 515.0
26.5 361.0 460.0 376.0 460.0 376.0 500.0 361.0 500.0
21.6 416.0 460.0 431.0 460.0 431.0 500.0 416.0 500.0
25.9 445.0 445.0 515.0 445.0 515.0 460.0 445.0 460.0
24.6 445.0 500.0 515.0 500.0 515.0 515.0 445.0 515.0
23.6 445.0 460.0 460.0 460.0 460.0 500.0 445.0 500.0
22.0 500.0 460.0 515.0 460.0 515.0 500.0 500.0 500.0
21.6 529.0 445.0 599.0 445.0 599.0 460.0 529.0 460.0
20.5 529.0 500.0 599.0 500.0 599.0 515.0 529.0 515.0
24.1 529.0 460.0 544.0 460.0 544.0 500.0 529.0 500.0
22.0 584.0 460.0 599.0 460.0 599.0 500.0 584.0 500.0
20.3 25.0 529.0 95.0 529.0 95.0 544.0 25.0 544.0
26.3 25.0 584.0 95.0 584.0 95.0 599.0 25.0 599.0
24.9 25.0 544.0 40.0 544.0 40.0 584.0 25.0 584.0
26.5 80.0 544.0 95.0 544.0 95.0 584.0 80.0 584.0
26.3 109.0 529.0 179.0 529.0 179.0 544.0 109.0 544.0
24.0 109.0 584.0 179.0 584.0 179.0 599.0 109.0 599.0
20.1 109.0 544.0 124.0 544.0 124.0 584.0 109.0 584.0
25.2 164.0 544.0 179.0 544.0 179.0 584.0 164.0 584.0
22.1 193.0 529.0 263.0 529.0 263.0 544.0 193.0 544.0
24.6 193.0 584.0 263.0 584.0 263.0 599.0 193.0 599.0
23.7 193.0 544.0 208.0 544.0 208.0 584.0 193.0 584.0
22.9 248.0 544.0 263.0 544.0 263.0 584.0 248.0 584.0
24.3 277.0 529.0 347.0 529.0 347.0 544.0 277.0 544.0
22.4 277.0 584.0 347.0 584.0 347.0 599.0 277.0 599.0
21.8 277.0 544.0 292.0 544.0 292.0 584.0 277.0 584.0
26.0 332.0 544.0 347.0 544.0 347.0 584.0 332.0 584.0
25.5 361.0 529.0 431.0 529.0 431.0 544.0 361.0 544.0
22.5 361.0 584.0 431.0 584.0 431.0 599.0 361.0 599.0
21.4 361.0 544.0 376.0 544.0 376.0 584.0 361.0 584.0
23.7 416.0 544.0 431.0 544.0 431.0 584.0 416.0 584.0
21.2 445.0 529.0 515.0 529.0 515.0 544.0 445.0 544.0
25.5 445.0 584.0 515.0 584.0 515.0 599.0 445.0 599.0
26.5 445.0 544.0 460.0 544.0 460.0 584.0 445.0 584.0
25.6 500.0 544.0 515.0 544.0 515.0 584.0 500.0 584.0
20.1 529.0 529.0 599.0 529.0 599.0 544.0 529.0 544.0
24.4 529.0 584.0 599.0 584.0 599.0 599.0 529.0 599.0
26.0 529.0 544.0 544.0 544.0 544.0 584.0 529.0 584.0
20.3 584.0 544.0 599.0 544.0 599.0 584.0 584.0 584.0
