# height_m  x0 y0  x1 y1 ...   (ENU metres)
27.6 44.3 73.2 96.9 73.2 96.9 87.2 44.3 87.2
27.1 37.7 70.9 97.3 70.9 97.3 86.5 37.7 86.5
31.6 179.0 9.6 241.6 32.5 237.2 44.6 174.6 21.8
31.0 160.8 86.8 225.3 86.8 225.3 98.9 160.8 98.9
31.5 153.3 41.7 214.1 41.7 214.1 56.7 153.3 56.7
27.3 291.9 94.8 361.0 69.6 366.4 84.3 297.3 109.5
30.9 248.2 40.3 298.8 40.3 298.8 56.3 248.2 56.3
31.1 451.4 33.3 451.4 87.4 437.1 87.4 437.1 33.3
27.2 401.8 43.2 461.2 43.2 461.2 58.2 401.8 58.2
24.9 376.6 68.8 421.3 85.1 416.3 98.8 371.6 82.5
26.5 530.5 73.0 593.5 50.0 598.2 63.1 535.3 86.0
25.8 473.4 44.1 533.9 22.0 538.3 33.9 477.8 56.0
28.6 26.1 166.8 82.8 146.1 88.2 160.9 31.5 181.6
31.6 62.4 173.2 118.9 173.2 118.9 188.6 62.4 188.6
31.0 191.0 130.1 191.0 187.9 178.8 187.9 178.8 130.1
26.8 152.4 192.5 208.4 172.1 213.0 184.7 157.0 205.2
29.1 271.4 161.3 330.5 139.7 335.8 154.0 276.6 175.6
30.5 248.4 196.3 317.3 196.3 317.3 211.5 248.4 211.5
30.0 369.2 156.9 440.2 156.9 440.2 170.7 369.2 170.7
26.0 548.6 175.8 599.0 194.2 594.7 206.1 544.2 187.7
27.8 481.4 155.8 536.5 175.9 531.9 188.4 476.8 168.2
29.8 99.9 306.2 99.9 359.0 86.9 359.0 86.9 306.2
24.1 0.5 321.6 65.8 297.7 70.0 309.1 4.7 332.9
27.4 90.3 304.2 90.3 362.6 76.2 362.6 76.2 304.2
29.4 207.3 280.8 207.3 341.5 195.2 341.5 195.2 280.8
31.7 182.1 288.3 226.0 272.2 230.5 284.6 186.6 300.7
30.0 147.0 274.8 201.3 274.8 201.3 290.5 147.0 290.5
31.2 265.9 316.5 328.6 316.5 328.6 329.4 265.9 329.4
28.6 421.7 309.3 469.6 291.8 473.8 303.5 425.9 321.0
28.0 469.6 301.1 542.8 301.1 542.8 314.6 469.6 314.6
25.6 492.1 340.8 559.7 316.1 563.8 327.4 496.2 352.1
29.4 570.1 302.7 570.1 357.8 557.2 357.8 557.2 302.7
24.5 -6.6 399.3 57.4 376.0 62.2 389.3 -1.7 412.6
30.1 73.4 407.7 73.4 480.0 60.6 480.0 60.6 407.7
30.9 163.6 436.2 215.5 455.1 211.0 467.5 159.1 448.5
24.8 122.3 391.9 168.3 375.0 173.2 388.4 127.1 405.2
30.3 298.7 397.3 298.7 452.6 284.2 452.6 284.2 397.3
26.9 293.6 391.4 293.6 453.4 277.8 453.4 277.8 391.4
24.4 369.8 434.4 437.3 409.8 441.6 421.5 374.1 446.1
30.3 489.5 432.3 546.9 432.3 546.9 447.6 489.5 447.6
25.9 83.4 488.0 83.4 536.4 70.7 536.4 70.7 488.0
30.5 28.6 560.0 93.6 536.3 98.4 549.6 33.4 573.3
24.3 5.7 558.7 50.8 575.1 45.8 588.9 0.7 572.4
24.5 183.7 556.6 238.7 576.7 234.1 589.1 179.2 569.1
28.9 188.7 545.3 234.1 528.7 238.5 540.8 193.1 557.3
26.5 259.9 495.0 309.5 513.1 304.6 526.4 255.0 508.3
24.7 285.4 513.5 330.2 529.8 325.0 543.9 280.2 527.6
26.6 293.8 535.9 293.8 592.7 280.6 592.7 280.6 535.9
28.6 433.8 494.6 433.8 549.7 419.6 549.7 419.6 494.6
26.1 411.1 549.2 480.4 549.2 480.4 562.8 411.1 562.8
27.9 538.5 508.2 592.2 508.2 592.2 523.4 538.5 523.4
