# height_m  x0 y0  x1 y1 ...   (ENU metres)
24.6 30.0 30.0 110.0 30.0 110.0 44.0 30.0 44.0
17.5 30.0 96.0 110.0 96.0 110.0 110.0 30.0 110.0
17.7 30.0 44.0 44.0 44.0 44.0 96.0 30.0 96.0
23.7 96.0 44.0 110.0 44.0 110.0 96.0 96.0 96.0
22.4 128.0 30.0 208.0 30.0 208.0 44.0 128.0 44.0
19.5 128.0 96.0 208.0 96.0 208.0 110.0 128.0 110.0
21.8 128.0 44.0 142.0 44.0 142.0 96.0 128.0 96.0
21.9 194.0 44.0 208.0 44.0 208.0 96.0 194.0 96.0
18.3 226.0 30.0 306.0 30.0 306.0 44.0 226.0 44.0
20.4 226.0 96.0 306.0 96.0 306.0 110.0 226.0 110.0
20.1 226.0 44.0 240.0 44.0 240.0 96.0 226.0 96.0
22.8 292.0 44.0 306.0 44.0 306.0 96.0 292.0 96.0
24.6 324.0 30.0 404.0 30.0 404.0 44.0 324.0 44.0
21.4 324.0 96.0 404.0 96.0 404.0 110.0 324.0 110.0
20.6 324.0 44.0 338.0 44.0 338.0 96.0 324.0 96.0
19.1 390.0 44.0 404.0 44.0 404.0 96.0 390.0 96.0
19.5 30.0 128.0 110.0 128.0 110.0 142.0 30.0 142.0
20.0 30.0 194.0 110.0 194.0 110.0 208.0 30.0 208.0
24.1 30.0 142.0 44.0 142.0 44.0 194.0 30.0 194.0
21.2 96.0 142.0 110.0 142.0 110.0 194.0 96.0 194.0
18.9 128.0 128.0 208.0 128.0 208.0 142.0 128.0 142.0
17.2 128.0 194.0 208.0 194.0 208.0 208.0 128.0 208.0
19.6 128.0 142.0 142.0 142.0 142.0 194.0 128.0 194.0
18.1 194.0 142.0 208.0 142.0 208.0 194.0 194.0 194.0
25.0 226.0 128.0 306.0 128.0 306.0 142.0 226.0 142.0
22.4 226.0 194.0 306.0 194.0 306.0 208.0 226.0 208.0
18.5 226.0 142.0 240.0 142.0 240.0 194.0 226.0 194.0
24.1 292.0 142.0 306.0 142.0 306.0 194.0 292.0 194.0
22.9 324.0 128.0 404.0 128.0 404.0 142.0 324.0 142.0
24.3 324.0 194.0 404.0 194.0 404.0 208.0 324.0 208.0
23.1 324.0 142.0 338.0 142.0 338.0 194.0 324.0 194.0
23.3 390.0 142.0 404.0 142.0 404.0 194.0 390.0 194.0
24.8 422.0 128.0 502.0 128.0 502.0 142.0 422.0 142.0
24.7 422.0 194.0 502.0 194.0 502.0 208.0 422.0 208.0
18.3 422.0 142.0 436.0 142.0 436.0 194.0 422.0 194.0
23.0 488.0 142.0 502.0 142.0 502.0 194.0 488.0 194.0
20.7 520.0 128.0 600.0 128.0 600.0 142.0 520.0 142.0
21.2 520.0 194.0 600.0 194.0 600.0 208.0 520.0 208.0
20.9 520.0 142.0 534.0 142.0 534.0 194.0 520.0 194.0
24.4 586.0 142.0 600.0 142.0 600.0 194.0 586.0 194.0
23.7 30.0 226.0 110.0 226.0 110.0 240.0 30.0 240.0
19.8 30.0 292.0 110.0 292.0 110.0 306.0 30.0 306.0
24.1 30.0 240.0 44.0 240.0 44.0 292.0 30.0 292.0
24.2 96.0 240.0 110.0 240.0 110.0 292.0 96.0 292.0
21.5 128.0 226.0 208.0 226.0 208.0 240.0 128.0 240.0
24.4 128.0 292.0 208.0 292.0 208.0 306.0 128.0 306.0
22.8 128.0 240.0 142.0 240.0 142.0 292.0 128.0 292.0
20.9 194.0 240.0 208.0 240.0 208.0 292.0 194.0 292.0
19.6 226.0 226.0 306.0 226.0 306.0 240.0 226.0 240.0
22.6 226.0 292.0 306.0 292.0 306.0 306.0 226.0 306.0
18.3 226.0 240.0 240.0 240.0 240.0 292.0 226.0 292.0
24.3 292.0 240.0 306.0 240.0 306.0 292.0 292.0 292.0
24.3 324.0 226.0 404.0 226.0 404.0 240.0 324.0 240.0
19.5 324.0 292.0 404.0 292.0 404.0 306.0 324.0 306.0
24.7 324.0 240.0 338.0 240.0 338.0 292.0 324.0 292.0
22.6 390.0 240.0 404.0 240.0 404.0 292.0 390.0 292.0
21.1 422.0 226.0 502.0 226.0 502.0 240.0 422.0 240.0
22.2 422.0 292.0 502.0 292.0 502.0 306.0 422.0 306.0
21.7 422.0 240.0 436.0 240.0 436.0 292.0 422.0 292.0
19.5 488.0 240.0 502.0 240.0 502.0 292.0 488.0 292.0
21.1 520.0 226.0 600.0 226.0 600.0 240.0 520.0 240.0
24.5 520.0 292.0 600.0 292.0 600.0 306.0 520.0 306.0
22.0 520.0 240.0 534.0 240.0 534.0 292.0 520.0 292.0
17.6 586.0 240.0 600.0 240.0 600.0 292.0 586.0 292.0
22.8 30.0 324.0 110.0 324.0 110.0 338.0 30.0 338.0
24.3 30.0 390.0 110.0 390.0 110.0 404.0 30.0 404.0
18.5 30.0 338.0 44.0 338.0 44.0 390.0 30.0 390.0
23.0 96.0 338.0 110.0 338.0 110.0 390.0 96.0 390.0
19.2 226.0 324.0 306.0 324.0 306.0 338.0 226.0 338.0
18.8 226.0 390.0 306.0 390.0 306.0 404.0 226.0 404.0
24.0 226.0 338.0 240.0 338.0 240.0 390.0 226.0 390.0
17.9 292.0 338.0 306.0 338.0 306.0 390.0 292.0 390.0
23.8 324.0 324.0 404.0 324.0 404.0 338.0 324.0 338.0
19.0 324.0 390.0 404.0 390.0 404.0 404.0 324.0 404.0
18.7 324.0 338.0 338.0 338.0 338.0 390.0 324.0 390.0
24.0 390.0 338.0 404.0 338.0 404.0 390.0 390.0 390.0
22.7 422.0 324.0 502.0 324.0 502.0 338.0 422.0 338.0
17.3 422.0 390.0 502.0 390.0 502.0 404.0 422.0 404.0
19.9 422.0 338.0 436.0 338.0 436.0 390.0 422.0 390.0
18.4 488.0 338.0 502.0 338.0 502.0 390.0 488.0 390.0
17.7 520.0 324.0 600.0 324.0 600.0 338.0 520.0 338.0
24.6 520.0 390.0 600.0 390.0 600.0 404.0 520.0 404.0
17.2 520.0 338.0 534.0 338.0 534.0 390.0 520.0 390.0
22.8 586.0 338.0 600.0 338.0 600.0 390.0 586.0 390.0
23.5 128.0 422.0 208.0 422.0 208.0 436.0 128.0 436.0
18.3 128.0 488.0 208.0 488.0 208.0 502.0 128.0 502.0
18.5 128.0 436.0 142.0 436.0 142.0 488.0 128.0 488.0
22.5 194.0 436.0 208.0 436.0 208.0 488.0 194.0 488.0
17.3 226.0 422.0 306.0 422.0 306.0 436.0 226.0 436.0
24.9 226.0 488.0 306.0 488.0 306.0 502.0 226.0 502.0
18.2 226.0 436.0 240.0 436.0 240.0 488.0 226.0 488.0
17.3 292.0 436.0 306.0 436.0 306.0 488.0 292.0 488.0
21.9 324.0 422.0 404.0 422.0 404.0 436.0 324.0 436.0
22.9 324.0 488.0 404.0 488.0 404.0 502.0 324.0 502.0
17.9 324.0 436.0 338.0 436.0 338.0 488.0 324.0 488.0
19.7 390.0 436.0 404.0 436.0 404.0 488.0 390.0 488.0
23.1 520.0 422.0 600.0 422.0 600.0 436.0 520.0 436.0
22.9 520.0 488.0 600.0 488.0 600.0 502.0 520.0 502.0
24.2 520.0 436.0 534.0 436.0 534.0 488.0 520.0 488.0
23.0 586.0 436.0 600.0 436.0 600.0 488.0 586.0 488.0
22.6 30.0 520.0 110.0 520.0 110.0 534.0 30.0 534.0
20.8 30.0 586.0 110.0 586.0 110.0 600.0 30.0 600.0
18.8 30.0 534.0 44.0 534.0 44.0 586.0 30.0 586.0
22.3 96.0 534.0 110.0 534.0 110.0 586.0 96.0 586.0
17.8 128.0 520.0 208.0 520.0 208.0 534.0 128.0 534.0
20.6 128.0 586.0 208.0 586.0 208.0 600.0 128.0 600.0
24.0 128.0 534.0 142.0 534.0 142.0 586.0 128.0 586.0
18.0 194.0 534.0 208.0 534.0 208.0 586.0 194.0 586.0
20.1 226.0 520.0 306.0 520.0 306.0 534.0 226.0 534.0
21.1 226.0 586.0 306.0 586.0 306.0 600.0 226.0 600.0
18.2 226.0 534.0 240.0 534.0 240.0 586.0 226.0 586.0
24.7 292.0 534.0 306.0 534.0 306.0 586.0 292.0 586.0
21.8 324.0 520.0 404.0 520.0 404.0 534.0 324.0 534.0
20.4 324.0 586.0 404.0 586.0 404.0 600.0 324.0 600.0
17.1 324.0 534.0 338.0 534.0 338.0 586.0 324.0 586.0
21.5 390.0 534.0 404.0 534.0 404.0 586.0 390.0 586.0
17.5 422.0 520.0 502.0 520.0 502.0 534.0 422.0 534.0
17.3 422.0 586.0 502.0 586.0 502.0 600.0 422.0 600.0
18.3 422.0 534.0 436.0 534.0 436.0 586.0 422.0 586.0
17.8 488.0 534.0 502.0 534.0 502.0 586.0 488.0 586.0
21.1 520.0 520.0 600.0 520.0 600.0 534.0 520.0 534.0
24.9 520.0 586.0 600.0 586.0 600.0 600.0 520.0 600.0
24.5 520.0 534.0 534.0 534.0 534.0 586.0 520.0 586.0
25.0 586.0 534.0 600.0 534.0 600.0 586.0 586.0 586.0
